1.000 0.700 0.490 0.343 0.240 0.168
0.700 1.000 0.490 0.343 0.240 0.168
0.490 0.490 1.000 0.343 0.240 0.168
0.343 0.343 0.343 1.000 0.240 0.168
0.240 0.240 0.240 0.240 1.000 0.168
0.168 0.168 0.168 0.168 0.168 1.000
